gene_id	control_rep1	treat1_rep1	treat2_rep1	control_rep2	treat1_rep2	treat2_rep2	control_rep3	treat1_rep3	treat2_rep3
ENSG00000184009:ACTG1	1	0	0	0	1	0	0	1	1
ENSG00000172586:CHCHD1	42	30	46	28	22	21	17	28	23
ENSG00000088451:TGDS	3892	4158	3832	6232	4603	4330	5027	4450	4603
ENSG00000225614:ZNF469	255	223	251	313	251	233	192	232	229
ENSG00000184292:TACSTD2	1429	1489	1485	1950	1435	1405	3304	3491	3386
ENSG00000135226:UGT2B28	541	551	508	712	540	518	810	614	662
ENSG00000186795:KCNK18	12	11	17	9	18	13	4	7	4
ENSG00000090776:EFNB1	31	25	42	38	37	25	22	25	12
ENSG00000215784:FAM72D	1323	1481	1235	2021	1486	1497	2132	1822	1869
ENSG00000162542:TMCO4	58	75	54	88	83	81	1215	1473	1443
ENSG00000177627:C12orf54	274	274	261	539	360	389	397	354	347
ENSG00000134909:ARHGAP32	1564	1633	1667	2375	1745	1676	1144	1090	1055
ENSG00000152595:MEPE	0	0	0	0	0	0	0	0	0
ENSG00000271425:NBPF10	57	69	46	88	52	70	33	26	42
ENSG00000047644:WWC3	102	121	120	167	130	156	286	288	322
ENSG00000165059:PRKACG	0	0	0	0	0	0	0	2	3
ENSG00000126215:XRCC3	10	9	10	12	7	13	4	10	7
ENSG00000171496:OR1L8	638	741	627	955	771	766	949	967	976
ENSG00000137857:DUOX1	0	0	0	0	0	0	3	0	0
ENSG00000256671:LIMS4	4041	4370	4125	7135	4744	4874	4764	4537	4997
ENSG00000079841:RIMS1	1292	1372	1271	2175	1622	1464	2498	2363	2506
ENSG00000169764:UGP2	482	508	443	748	552	549	67	85	101
ENSG00000111300:NAA25	638	685	625	950	697	744	411	408	445
ENSG00000112246:SIM1	1915	2154	1940	2987	2050	2120	1752	1600	1656
ENSG00000145920:CPLX2	40	63	70	97	53	56	34	45	49
ENSG00000107959:PITRM1	4792	4905	4419	7865	5681	5727	3416	3325	3951
ENSG00000089248:ERP29	180	210	202	312	264	224	362	481	547
ENSG00000134769:DTNA	0	0	0	0	0	0	0	0	0
ENSG00000147082:CCNB3	125	125	109	193	108	132	34	59	53
ENSG00000185024:BRF1	0	0	0	0	0	1	0	0	0
ENSG00000069764:PLA2G10	7197	7578	7299	9817	6857	7403	7685	9192	10169
ENSG00000141985:SH3GL1	2253	2429	2133	3148	2300	2276	2945	2730	2926
ENSG00000103269:RHBDL1	794	894	888	1313	1017	959	1176	1071	1161
ENSG00000091137:SLC26A4	1954	2101	1989	3117	2103	2360	2149	2507	2981
ENSG00000172915:NBEA	7215	7657	7061	12369	8167	8485	8920	8802	9055
ENSG00000185385:OR7A17	0	0	0	1	0	2	0	0	0
ENSG00000274997:H2AC12	600	575	467	1000	681	751	448	606	825
ENSG00000274443:C8orf89	4195	4525	4242	6142	4341	4565	3283	3068	3211
ENSG00000143363:PRUNE1	926	1075	949	1311	938	912	1203	1310	1266
ENSG00000153789:CIBAR2	1722	2057	1737	3026	2199	2244	2131	2124	2539
ENSG00000149218:ENDOD1	11	6	15	3	9	10	5	4	3
ENSG00000175701:MTLN	4080	4567	3775	7445	5238	5302	4446	4213	5196
ENSG00000137628:DDX60	0	0	0	0	0	0	0	0	0
ENSG00000123352:SPATS2	3548	3962	3633	5239	3920	3765	6431	6047	5962
ENSG00000159527:PGLYRP3	218	206	228	274	192	223	35	66	52
ENSG00000119699:TGFB3	74	57	61	70	78	86	74	82	94
ENSG00000214194:SMIM30	100	118	107	148	92	99	337	312	288
ENSG00000131747:TOP2A	36	38	58	61	52	52	28	37	36
ENSG00000116661:FBXO2	3978	4024	4101	4551	3158	3427	3464	3955	4047
ENSG00000077009:NMRK2	2540	2786	2473	4018	2802	2928	1974	2091	2310
ENSG00000164329:TENT2	3540	3335	3092	4575	3110	3242	3040	2825	2792
ENSG00000166579:NDEL1	0	0	1	0	0	0	0	0	0
ENSG00000174032:SLC25A30	3	1	11	22	7	6	8	11	18
ENSG00000204310:AGPAT1	1927	2165	1920	2996	2200	2287	1244	1386	1563
ENSG00000176623:RMDN1	1994	2267	2133	2993	2091	2167	1987	2343	2415
ENSG00000172115:CYCS	1622	1834	1591	2666	2077	2074	1832	1759	2065
ENSG00000198815:FOXJ3	1028	1195	1010	1453	1173	1057	1642	1601	1497
ENSG00000164530:PI16	60	80	73	95	63	53	21	25	18
ENSG00000213822:CEACAM18	1045	1017	1074	1398	1016	1030	1069	1150	1046
ENSG00000137878:GCOM1	331	314	349	453	366	319	754	880	829
ENSG00000156976:EIF4A2	9042	9928	8871	14621	10156	10746	9922	9897	11709
ENSG00000101343:CRNKL1	1456	1637	1451	2403	1675	1668	1508	1409	1342
ENSG00000215372:ZNF705G	30	23	28	34	33	29	115	104	103
ENSG00000177192:PUS1	78	89	66	90	58	67	41	70	57
ENSG00000197745:SCGB1D4	435	431	424	486	344	370	94	152	143
ENSG00000114638:UPK1B	1514	1715	1457	2003	1441	1609	1558	1526	1815
ENSG00000183305:MAGEA2B	821	862	816	1201	895	849	747	659	609
ENSG00000092054:MYH7	2224	2399	2302	3054	2282	2285	2043	2091	2201
ENSG00000084676:NCOA1	600	604	620	725	545	519	1001	974	784
ENSG00000256618:MTRNR2L1	0	2	0	3	5	1	3	0	0
ENSG00000090581:GNPTG	146	161	101	250	171	213	62	66	67
ENSG00000239382:ALKBH6	0	0	0	0	0	0	0	0	0
ENSG00000137133:HINT2	89	64	74	116	69	96	22	49	34
ENSG00000101280:ANGPT4	27882	29854	28255	40267	29028	29474	43146	41274	42375
ENSG00000142065:ZFP14	1	1	0	0	0	0	1	0	0
ENSG00000167531:LALBA	3433	3447	3541	5080	3423	3581	2927	2771	2961
ENSG00000110321:EIF4G2	1096	1197	1037	1457	1084	1234	944	1186	1339
ENSG00000064205:CCN5	7238	7290	7401	6347	4612	4545	7262	9175	9532
ENSG00000168878:SFTPB	174	196	147	196	144	193	154	160	146
ENSG00000151725:CENPU	2407	2785	2656	3885	2714	2825	2817	2609	2906
ENSG00000127249:ATP13A4	1	1	0	0	1	0	0	0	2
ENSG00000198523:PLN	17955	18674	17770	24764	17874	18193	20249	20799	22146
ENSG00000119630:PGF	222	234	192	303	222	231	541	788	921
ENSG00000106305:AIMP2	297	285	235	460	320	322	92	70	82
ENSG00000198242:RPL23A	111	103	127	154	104	144	70	62	67
ENSG00000149516:MS4A3	0	0	0	0	0	0	0	0	0
ENSG00000136161:RCBTB2	2006	2329	2015	3513	2493	2582	1987	2295	2596
ENSG00000166484:MAPK7	13	10	5	11	9	14	20	25	18
ENSG00000186806:VSIG10L	25	27	22	22	27	26	19	28	19
ENSG00000168348:INSM2	1	2	0	1	1	2	1	0	1
ENSG00000164764:SBSPON	0	1	1	2	1	0	0	0	1
ENSG00000167791:CABP2	2097	2092	2036	3229	2276	2217	1788	1428	1447
ENSG00000271824:SMIM32	1124	1234	1145	1688	1134	1304	1476	1556	1659
ENSG00000162062:TEDC2	123	109	124	182	94	128	71	64	47
ENSG00000259371:AL136295.3	2170	2055	2069	3154	2098	2239	2195	1893	1754
ENSG00000133069:TMCC2	29371	32892	27995	48131	35707	37032	28784	28740	34017
ENSG00000230178:OR4F3	249	307	258	270	174	228	176	238	226
ENSG00000134827:TCN1	3	3	2	6	4	4	2	15	10
ENSG00000135363:LMO2	3185	3250	3341	4355	3080	3165	3693	3328	3201
ENSG00000155659:VSIG4	2	4	12	15	4	5	9	1	6
ENSG00000011478:QPCTL	1009	1093	1035	1505	1214	1081	1964	1925	2130
ENSG00000143452:HORMAD1	1827	2060	1818	2879	2156	2279	3413	3228	3539
ENSG00000052850:ALX4	5	3	0	7	11	3	7	4	1
ENSG00000198271:KRTAP4-5	0	0	0	0	0	0	0	0	0
ENSG00000182768:NGRN	11	3	5	7	5	6	9	5	3
ENSG00000156398:SFXN2	529	590	545	727	566	516	852	834	859
ENSG00000164985:PSIP1	19	28	19	60	31	22	31	33	25
ENSG00000113638:TTC33	42	28	36	55	30	33	7	10	15
ENSG00000149932:TMEM219	2393	2589	2536	2967	2218	2170	3625	3709	3819
ENSG00000283205:AL353572.3	406	416	422	506	425	398	445	495	540
ENSG00000145725:PPIP5K2	14	28	17	34	34	18	27	23	32
ENSG00000137709:POU2F3	1275	1471	1399	2150	1705	1716	2275	2409	2595
ENSG00000128965:CHAC1	24	29	23	26	31	26	30	23	34
ENSG00000134852:CLOCK	3	5	1	3	1	3	0	3	2
ENSG00000136881:BAAT	12480	13755	12096	17862	13097	13010	14784	14637	15947
ENSG00000160781:PAQR6	1236	1375	1287	1765	1332	1386	1971	2375	2728
ENSG00000086289:EPDR1	75	79	63	132	100	89	65	47	53
ENSG00000124701:APOBEC2	1335	1380	1293	2118	1515	1551	991	959	1003
ENSG00000188542:DUSP28	0	0	0	0	0	0	0	0	0
ENSG00000114745:GORASP1	2106	2043	2179	2854	1711	1770	1333	1277	1209
ENSG00000052723:SIKE1	69	72	91	95	61	56	52	78	90
ENSG00000169860:P2RY1	468	490	469	672	437	516	396	490	529
ENSG00000165799:RNASE7	910	971	1003	1354	1055	977	1058	1105	1147
ENSG00000116176:TPSG1	179	170	191	233	135	175	237	252	234
ENSG00000155719:OTOA	1	0	0	3	1	4	1	1	1
ENSG00000253506:NACA2	910	1128	993	1483	1040	1176	982	895	952
ENSG00000167674:HDGFL2	0	0	0	0	0	2	0	1	0
ENSG00000204568:MRPS18B	0	0	0	2	0	0	0	2	0
ENSG00000182667:NTM	4217	4405	4180	7567	5609	5670	2458	2738	2859
ENSG00000051009:FAM160A2	9	17	7	23	13	7	6	5	6
ENSG00000163605:PPP4R2	81	101	99	134	92	119	43	56	45
ENSG00000151650:VENTX	0	0	0	0	0	0	0	0	0
ENSG00000136694:IL36A	917	803	867	1562	1133	1092	725	578	583
ENSG00000105472:CLEC11A	20610	20015	21128	25185	17425	17598	17420	17975	16988
ENSG00000107736:CDH23	749	829	747	1338	1008	962	1132	1356	1451
ENSG00000185736:ADARB2	75	94	71	108	87	82	12	22	29
ENSG00000170142:UBE2E1	0	0	0	0	0	0	0	0	1
ENSG00000116031:CD207	7	11	10	5	11	13	10	15	9
ENSG00000176533:GNG7	575	605	508	1006	697	723	1000	1103	1237
ENSG00000087365:SF3B2	2873	2958	2859	3674	2666	2876	2401	3077	3293
ENSG00000205323:SARNP	2	0	0	1	0	1	0	0	0
ENSG00000085982:USP40	290	300	307	431	305	302	319	326	368
ENSG00000170473:PYM1	1250	1408	1285	1719	1122	1328	1696	1885	2015
ENSG00000145284:SCD5	122	126	101	161	124	98	125	91	96
ENSG00000182511:FES	1187	1373	1167	1855	1441	1297	1555	1384	1389
ENSG00000204970:PCDHA1	1497	1496	1495	2084	1501	1636	1829	1845	1913
ENSG00000111077:TNS2	0	0	0	0	0	0	0	0	0
ENSG00000072778:ACADVL	1298	1365	1395	1481	947	1078	935	1207	1350
ENSG00000169418:NPR1	94	77	132	115	74	102	36	68	57
ENSG00000179134:SAMD4B	302	309	298	473	290	351	469	486	598
ENSG00000105364:MRPL4	4	9	12	22	14	13	7	15	17
ENSG00000138433:CIR1	709	782	704	915	627	718	575	670	586
ENSG00000105427:CNFN	0	0	1	2	2	2	0	0	0
ENSG00000101981:F9	11852	13431	12507	18563	13446	14063	15722	16015	17838
ENSG00000137434:C6orf52	641	647	643	936	681	620	340	366	254
ENSG00000124212:PTGIS	7	10	10	25	11	16	20	31	40
ENSG00000133059:DSTYK	0	0	0	0	0	0	0	0	0
ENSG00000145332:KLHL8	60	52	39	86	36	75	35	24	31
ENSG00000162849:KIF26B	3	13	10	25	25	17	14	7	8
ENSG00000138778:CENPE	2251	2307	2216	3389	2482	2371	3200	2622	2611
ENSG00000187583:PLEKHN1	2157	2290	2339	3516	2281	2592	1522	1934	2100
ENSG00000115963:RND3	2285	2610	2391	3347	2568	2708	2773	3015	3150
ENSG00000261408:TEN1-CDK3	1145	1180	1145	1671	1175	1257	829	1062	1139
ENSG00000093134:VNN3	24	28	24	42	24	25	81	102	90
ENSG00000284057:AP001273.2	877	963	913	1182	838	872	566	592	701
ENSG00000172459:OR5AR1	1305	1339	1302	2047	1518	1514	1088	907	983
ENSG00000198088:NUP62CL	5523	6532	5995	8884	6455	6815	5528	5726	6661
ENSG00000115361:ACADL	7	3	4	3	10	5	7	6	10
ENSG00000187955:COL14A1	0	0	0	0	0	0	0	0	0
ENSG00000101019:UQCC1	1318	1427	1336	1946	1371	1499	1194	1223	1370
ENSG00000177508:IRX3	256	275	264	501	309	329	615	706	684
ENSG00000171503:ETFDH	0	0	1	0	2	0	0	0	0
ENSG00000198077:CYP2A7	1481	1542	1565	2091	1487	1534	1759	1758	1921
ENSG00000168496:FEN1	24	13	14	25	16	18	18	23	38
ENSG00000244474:UGT1A4	1277	1185	1116	1474	1006	1099	254	239	301
ENSG00000053328:METTL24	1615	1611	1727	2023	1379	1567	440	536	647
ENSG00000135587:SMPD2	4	8	2	7	7	1	1	2	2
ENSG00000213139:CRYGS	2910	2973	2865	4459	3347	3184	3071	2752	2837
ENSG00000123095:BHLHE41	0	0	0	0	0	0	0	0	0
ENSG00000169122:FAM110B	783	899	843	1256	859	986	740	998	1108
ENSG00000165046:LETM2	779	843	747	1138	843	846	681	681	836
ENSG00000159314:ARHGAP27	134	137	135	192	156	189	116	117	99
ENSG00000090615:GOLGA3	411	422	387	613	432	451	491	493	482
ENSG00000196458:ZNF605	936	1003	826	855	667	607	4763	4886	5329
ENSG00000124205:EDN3	122	147	135	253	147	151	223	228	265
ENSG00000139574:NPFF	205	215	195	240	189	207	130	140	162
ENSG00000174886:NDUFA11	568	580	591	818	686	576	445	381	385
ENSG00000152804:HHEX	3	2	1	3	2	5	1	2	0
ENSG00000163093:BBS5	0	2	0	0	1	0	0	0	0
ENSG00000204267:TAP2	1031	1088	1108	1670	1094	1184	1242	1575	1810
ENSG00000065268:WDR18	5	2	0	4	1	7	1	5	5
ENSG00000117139:KDM5B	720	715	660	1084	709	800	495	602	688
ENSG00000113742:CPEB4	8	22	11	17	24	13	20	28	27
ENSG00000126778:SIX1	53	77	69	74	74	72	15	22	36
ENSG00000198633:ZNF534	6397	6941	6383	10274	7180	8058	3859	4540	5310
ENSG00000157856:DRC1	560	608	577	879	645	650	485	437	478
ENSG00000164619:BMPER	3889	3634	3774	4791	3032	3384	721	787	834
ENSG00000171840:NINJ2	5	3	8	3	0	3	4	7	6
ENSG00000134901:POGLUT2	1187	1347	1013	2385	1491	1457	1557	1463	1735
ENSG00000085511:MAP3K4	0	0	0	0	0	0	0	0	0
ENSG00000140795:MYLK3	237	226	226	316	226	214	313	304	335
ENSG00000066427:ATXN3	63	71	73	76	33	54	13	29	11
ENSG00000196504:PRPF40A	1175	1139	1040	1409	994	1002	1027	1002	882
ENSG00000187857:OR6C75	2	2	3	4	7	5	4	0	1
ENSG00000163660:CCNL1	4620	4290	4519	6147	3941	4255	3021	3390	3273
ENSG00000186153:WWOX	0	0	0	0	0	0	0	0	0
ENSG00000120156:TEK	1	0	4	0	1	0	0	1	1
ENSG00000142459:EVI5L	460	430	473	372	287	305	117	110	129
ENSG00000156113:KCNMA1	2690	3257	2735	4465	3391	3243	3925	3711	4071
ENSG00000155438:NIFK	545	551	570	737	485	548	353	320	372
ENSG00000002587:HS3ST1	80	99	85	117	59	54	18	30	35
ENSG00000103855:CD276	2	0	1	1	0	2	0	0	0
ENSG00000134757:DSG3	0	0	1	0	0	0	1	0	5
ENSG00000151812:SLC35F4	192	185	204	277	177	250	97	142	142
ENSG00000114626:ABTB1	0	0	0	0	0	1	0	2	1
ENSG00000197894:ADH5	166	179	145	244	185	191	251	204	195
ENSG00000115255:REEP6	2234	2636	2262	3358	2636	2486	1973	1750	2001
ENSG00000164626:KCNK5	1139	1535	1276	766	628	540	6105	7442	7740
ENSG00000153443:UBALD1	0	0	0	0	0	0	0	0	0
ENSG00000172260:NEGR1	25	13	17	47	30	19	37	37	53
ENSG00000137411:VARS2	6332	5996	6085	8595	5745	6457	5658	6456	6901
ENSG00000111783:RFX4	1662	1812	1823	2534	1891	1898	1694	1750	1840
ENSG00000063176:SPHK2	1225	1404	1261	2049	1375	1488	1649	1634	1697
ENSG00000213079:SCAF8	826	967	991	999	831	695	676	639	708
ENSG00000177710:SLC35G5	1106	1226	1109	1534	1046	1185	1103	1170	1387
ENSG00000185761:ADAMTSL5	207	226	191	299	213	211	141	120	108
ENSG00000140497:SCAMP2	21852	23839	18118	39514	27967	26394	19256	19097	22902
ENSG00000124074:ENKD1	267	326	275	297	222	191	77	107	98
ENSG00000249115:HAUS5	922	851	884	1037	759	826	230	298	349
ENSG00000158497:HMHB1	6709	7163	6681	10714	7627	8185	5519	6353	7315
ENSG00000005156:LIG3	555	562	561	860	562	563	351	507	582
ENSG00000157119:KLHL40	236	264	283	185	130	104	553	755	713
ENSG00000198336:MYL4	76	101	82	96	64	51	176	218	217
ENSG00000108312:UBTF	1	0	7	8	2	1	5	2	4
ENSG00000147180:ZNF711	736	707	711	1029	663	718	388	387	487
ENSG00000176567:OR4X1	0	0	0	0	0	0	0	0	0
ENSG00000177600:RPLP2	3	2	2	5	7	3	1	2	3
ENSG00000125485:DDX31	1254	1394	1257	1949	1432	1351	2404	2171	2340
ENSG00000149300:C11orf52	1141	1213	1110	1895	1355	1437	1229	1220	1283
ENSG00000166938:DIS3L	1462	1346	1449	1467	1027	1053	1748	1759	1370
ENSG00000145990:GFOD1	938	918	869	1230	872	875	469	426	491
ENSG00000136002:ARHGEF4	16	33	17	48	20	18	32	22	21
ENSG00000173889:PHC3	0	0	0	0	0	0	0	0	0
ENSG00000204428:LY6G5C	0	0	0	0	0	0	0	0	0
ENSG00000284546:SSU72P3	24	44	42	43	27	45	16	14	21
ENSG00000204576:PRR3	1921	2551	2129	2376	2329	1832	2051	2120	2201
ENSG00000178397:FAM220A	684	645	731	973	663	670	1022	865	775
ENSG00000010219:DYRK4	2354	2244	1969	3300	2234	2147	2135	2178	2260
ENSG00000144031:ANKRD53	2	1	2	3	2	2	0	2	3
ENSG00000204361:NXPE2	36	28	32	27	26	36	23	30	16
ENSG00000167553:TUBA1C	198	252	219	256	203	222	85	126	103
ENSG00000167751:KLK2	5	4	4	2	0	2	6	7	3
ENSG00000188811:NHLRC3	1204	1376	1322	1894	1322	1405	1715	1759	1698
ENSG00000169758:TMEM266	0	0	0	0	0	0	0	0	0
ENSG00000164363:SLC6A18	4	2	0	0	3	0	0	0	0
ENSG00000129654:FOXJ1	80	109	100	58	49	34	32	35	29
ENSG00000162642:C1orf52	2276	2400	2195	2871	1968	2235	1513	2041	2305
ENSG00000169570:DTWD2	4288	4227	4001	5648	4201	4104	4836	4163	4198
ENSG00000161929:SCIMP	86	92	79	152	95	98	53	54	46
ENSG00000198898:CAPZA2	15026	15570	14435	19911	14080	14402	16769	14330	15868
ENSG00000138135:CH25H	2594	3001	2746	3464	2652	2393	1342	1237	1315
ENSG00000183340:JRKL	584	577	490	696	464	579	472	620	661
ENSG00000175893:ZDHHC21	0	0	0	0	0	0	0	0	0
ENSG00000106261:ZKSCAN1	917	916	811	1211	912	886	396	375	393
ENSG00000143028:SYPL2	1424	1645	1489	2051	1507	1516	1274	1241	1320
ENSG00000147100:SLC16A2	1307	1387	1356	1708	1151	1183	1428	1163	1210
ENSG00000164900:GBX1	9	15	23	21	20	3	75	48	75
ENSG00000184277:TM2D3	0	0	0	0	1	0	0	0	0
ENSG00000153002:CPB1	290	338	271	368	303	297	254	222	278
ENSG00000285953:AC000120.4	9227	10026	9028	12738	9198	8993	11405	9933	9735
ENSG00000148671:ADIRF	6638	6963	6979	11295	8268	8153	5513	5588	5872
ENSG00000181666:ZNF875	10	13	12	9	7	4	12	13	21
ENSG00000009954:BAZ1B	164	190	142	251	218	239	143	157	155
ENSG00000109736:MFSD10	794	886	859	1050	623	810	361	439	506
ENSG00000160856:FCRL3	2150	2049	2100	2973	2178	2262	1924	2377	2487
ENSG00000182600:SNORC	0	1	1	1	8	0	0	6	3
ENSG00000136247:ZDHHC4	611	637	616	920	698	618	1135	1182	1294
ENSG00000186329:TMEM212	830	960	864	1294	975	1115	991	1147	1174
ENSG00000180787:ZFP3	23	19	17	27	15	7	1	0	1
ENSG00000171102:OBP2B	80	109	98	133	91	116	9	5	19
ENSG00000187840:EIF4EBP1	489	509	497	869	590	601	343	312	337
ENSG00000139644:TMBIM6	223	241	222	273	208	236	125	146	164
ENSG00000215305:VPS16	248	277	277	571	391	348	232	284	354
ENSG00000121552:CSTA	124	111	100	115	90	72	106	122	105
ENSG00000175143:OR2T1	1635	1826	1535	2371	1886	1943	1387	1404	1642
ENSG00000113739:STC2	96	85	90	85	57	75	74	89	108
ENSG00000146276:GABRR1	1315	1403	1352	1893	1383	1479	1371	1187	1262
ENSG00000186827:TNFRSF4	4965	5415	5322	7613	5014	5209	4541	4349	4177
ENSG00000149564:ESAM	4979	5224	5053	6154	4310	4571	3916	4679	4785
ENSG00000225526:MKRN2OS	385	459	402	528	446	417	706	668	700
ENSG00000119547:ONECUT2	3635	4175	3844	5856	3961	4162	5859	6380	7144
ENSG00000196357:ZNF565	59	64	70	100	50	61	39	35	38
ENSG00000134697:GNL2	2385	2692	2688	3429	2160	2643	2022	2161	2351
ENSG00000105229:PIAS4	706	769	711	1062	791	851	501	568	654
ENSG00000155755:TMEM237	33	41	27	40	26	40	8	8	16
ENSG00000154511:DIPK1A	0	2	1	3	0	0	5	7	0
ENSG00000115295:CLIP4	11590	12301	10694	19763	13048	12820	7927	7355	7871
ENSG00000005075:POLR2J	5	2	4	4	2	6	0	0	0
ENSG00000101890:GUCY2F	3	3	4	12	4	5	6	6	8
ENSG00000118729:CASQ2	1640	1900	1822	1530	1097	1101	462	554	504
ENSG00000166971:AKTIP	3950	3801	3631	5248	3454	3729	3058	3822	4009
ENSG00000138385:SSB	3733	4292	3616	6545	4753	5200	4821	4816	5393
ENSG00000101444:AHCY	0	0	0	0	1	0	1	0	0
ENSG00000116251:RPL22	2	0	2	2	2	0	1	4	5
ENSG00000204583:LRCOL1	1472	1645	1529	2163	1627	1588	1783	1732	1741
ENSG00000137090:DMRT1	422	402	362	525	362	409	288	257	247
ENSG00000130787:HIP1R	1761	2076	1935	2541	1810	2097	1458	1962	2207
ENSG00000095794:CREM	252	290	298	490	309	339	118	167	187
ENSG00000118922:KLF12	11	1	2	6	2	1	0	1	0
ENSG00000082175:PGR	0	0	0	0	1	0	1	0	0
ENSG00000101222:SPEF1	736	834	715	1299	1052	969	1724	1929	2168
ENSG00000112592:TBP	2	5	0	8	6	6	12	10	15
ENSG00000112033:PPARD	857	861	804	1294	899	944	795	802	857
ENSG00000142961:MOB3C	1881	2042	1874	3157	2204	2107	2563	2232	2189
ENSG00000173486:FKBP2	0	0	0	0	0	0	0	0	2
ENSG00000227471:AKR1B15	29054	31114	28006	41477	28748	30261	27655	30669	34589
ENSG00000073605:GSDMB	1	4	1	1	6	9	2	0	2
ENSG00000139684:ESD	323	332	305	412	287	356	535	579	513
ENSG00000077157:PPP1R12B	326	281	308	466	288	294	152	181	230
ENSG00000168542:COL3A1	0	0	0	0	0	0	0	0	0
ENSG00000163710:PCOLCE2	0	0	0	0	0	0	0	0	0
ENSG00000125821:DTD1	1035	986	1056	1496	1028	1082	1056	1130	936
ENSG00000148680:HTR7	214	226	264	301	218	184	537	624	622
ENSG00000164047:CAMP	3191	3096	3149	4607	3430	3483	3467	3222	2830
ENSG00000060237:WNK1	845	863	821	1358	854	980	490	428	442
ENSG00000118276:B4GALT6	1	0	0	0	0	1	0	0	0
ENSG00000120697:ALG5	259	305	245	383	275	331	139	140	153
ENSG00000124788:ATXN1	4508	5007	4732	6811	4825	4797	5880	7539	8359
ENSG00000102878:HSF4	1474	1487	1496	1946	1310	1510	398	513	657
ENSG00000159289:GOLGA6A	4328	4446	4254	6068	4127	4669	1279	1555	1881
ENSG00000213967:ZNF726	875	856	789	1214	825	976	760	749	683
ENSG00000161671:EMC10	221	294	220	361	261	247	252	234	251
ENSG00000284725:SCYGR6	7	13	14	46	12	22	0	0	2
ENSG00000166436:TRIM66	1071	1012	1018	1667	1163	1237	1622	1817	1780
ENSG00000204469:PRRC2A	5585	5766	5427	8563	5997	6396	6267	6005	7073
ENSG00000122787:AKR1D1	0	0	4	3	2	1	0	0	2
ENSG00000123584:MAGEA9	2	0	0	6	2	3	8	7	7
ENSG00000158486:DNAH3	1029	1216	1022	1640	1155	1185	1008	1011	1127
ENSG00000196834:POTEI	0	0	0	2	1	5	0	2	0
ENSG00000186310:NAP1L3	1377	1459	1384	1934	1375	1405	1313	1500	1572
ENSG00000118705:RPN2	16068	16205	17009	23296	16101	17317	10807	12905	13573
ENSG00000140443:IGF1R	0	0	0	1	0	0	1	6	0
ENSG00000053747:LAMA3	242	257	216	325	177	185	107	155	148
ENSG00000154262:ABCA6	0	0	2	0	0	1	1	1	0
ENSG00000183048:SLC25A10	0	0	0	0	0	0	0	0	0
ENSG00000165323:FAT3	0	0	0	0	0	0	0	0	0
ENSG00000121381:TAS2R9	552	639	585	924	721	707	614	589	635
ENSG00000185053:SGCZ	40	40	40	48	31	39	130	148	139
ENSG00000288000:AL031681.3	2240	2474	2313	3709	2835	2910	3398	3242	3656
ENSG00000278053:DDX52	407	458	418	507	415	334	625	714	682
ENSG00000085831:TTC39A	321	322	320	404	288	355	135	175	177
ENSG00000100473:COCH	294	325	341	455	356	343	419	445	481
ENSG00000067057:PFKP	16	14	25	27	19	18	97	88	96
ENSG00000171984:SHLD1	581	630	503	859	640	694	531	655	720
ENSG00000240344:PPIL3	0	0	0	0	0	0	0	0	0
ENSG00000024048:UBR2	4801	4819	4895	6346	4411	4587	8984	9511	8853
ENSG00000064313:TAF2	0	0	0	0	0	0	0	0	0
ENSG00000127922:SEM1	190	201	170	290	138	171	159	167	216
ENSG00000171532:NEUROD2	606	610	517	1004	715	691	522	505	447
ENSG00000145491:ROPN1L	3056	3215	3071	4585	3015	3385	2614	2935	3201
ENSG00000120860:WASHC3	709	729	762	1152	909	898	967	879	941
ENSG00000153246:PLA2R1	1787	2157	1919	2825	2093	2149	2205	2079	2238
ENSG00000006606:CCL26	1498	1579	1570	2447	1751	1871	2136	1927	1936
ENSG00000212710:CTAGE1	971	1111	916	960	849	693	2479	2300	2377
ENSG00000116198:CEP104	804	733	771	1037	624	729	372	440	396
ENSG00000105509:HAS1	0	0	0	0	0	0	0	0	0
ENSG00000158161:EYA3	1837	1843	1939	2684	1892	1849	2594	2775	2801
ENSG00000092345:DAZL	1082	1091	981	1490	1110	1118	1497	1685	1865
ENSG00000129315:CCNT1	866	898	789	1273	947	905	1104	919	855
ENSG00000117602:RCAN3	3	2	3	6	4	5	6	4	6
ENSG00000164400:CSF2	0	0	0	2	0	2	0	0	1
ENSG00000166147:FBN1	581	613	628	740	561	579	362	393	431
ENSG00000106443:PHF14	26	27	26	26	20	26	17	11	6
ENSG00000076242:MLH1	350	332	385	850	617	585	420	407	430
ENSG00000108309:RUNDC3A	327	438	412	723	711	698	1398	1445	1481
ENSG00000185862:EVI2B	81	105	91	94	69	53	117	114	117
ENSG00000197134:ZNF257	0	0	0	0	0	0	0	0	0
ENSG00000127124:HIVEP3	43	40	51	54	40	30	8	14	19
ENSG00000135924:DNAJB2	774	950	905	1230	826	933	673	755	974
ENSG00000124593:AL365205.1	97	128	135	158	111	158	57	80	109
ENSG00000154678:PDE1C	130	151	137	181	134	136	168	150	131
ENSG00000117505:DR1	158	133	127	223	200	176	77	95	104
ENSG00000196071:OR2L13	278	259	261	417	337	288	163	158	142
ENSG00000016402:IL20RA	0	0	0	0	0	0	0	0	0
ENSG00000084072:PPIE	1	1	0	1	0	2	3	2	0
ENSG00000103978:TMEM87A	4	11	7	9	7	4	0	2	0
ENSG00000104055:TGM5	9	12	11	15	9	21	7	0	2
ENSG00000186092:OR4F5	5	1	4	0	4	1	3	2	2
ENSG00000135605:TEC	1912	2024	1892	2358	1709	1840	1768	1771	2029
ENSG00000180694:TMEM64	2537	2881	2691	3647	2589	2828	2275	2951	3285
ENSG00000004399:PLXND1	0	0	0	0	0	0	0	0	1
ENSG00000187048:CYP4A11	1	0	0	0	0	0	1	0	1
ENSG00000115353:TACR1	35	48	41	39	25	23	6	4	5
ENSG00000170876:TMEM43	14426	15834	14701	21670	15432	15628	14237	14056	14635
ENSG00000116703:PDC	442	535	502	684	475	478	712	779	740
ENSG00000138449:SLC40A1	0	0	0	0	0	0	0	0	0
ENSG00000173699:SPATA3	613	570	648	986	631	629	275	219	212
ENSG00000108433:GOSR2	35	12	28	30	28	31	12	12	8
ENSG00000146648:EGFR	295	303	315	414	409	370	384	430	421
ENSG00000104369:JPH1	2691	2897	2672	3756	2595	2880	3214	3485	4037
ENSG00000148704:VAX1	1903	2122	1966	3184	2253	2224	1672	1577	1533
ENSG00000184163:C1QTNF12	8437	9679	8290	15015	10104	10379	11445	10124	11309
ENSG00000132334:PTPRE	0	0	0	0	0	0	0	0	0
ENSG00000169129:AFAP1L2	112	120	133	164	96	110	79	129	142
ENSG00000115310:RTN4	0	0	0	0	0	0	0	0	0
ENSG00000101474:APMAP	555	595	606	970	652	707	1150	1047	1117
ENSG00000203667:COX20	2	4	1	0	1	1	1	0	0
ENSG00000172752:COL6A5	46	63	64	93	54	46	90	101	98
ENSG00000147804:SLC39A4	0	0	0	0	0	0	0	0	0
ENSG00000155622:XAGE2	1	0	1	0	0	1	0	1	1
ENSG00000157211:CDCP2	69799	85383	77906	114875	84773	85126	101879	121240	133295
ENSG00000272196:H2AC19	570	613	598	772	478	564	436	475	408
ENSG00000188038:NRN1L	655	758	774	706	549	506	4202	4299	4701
ENSG00000173041:ZNF680	822	790	820	1029	745	767	1117	1212	975
ENSG00000102158:MAGT1	34	24	27	64	48	42	31	43	34
ENSG00000104267:CA2	0	0	0	0	0	0	0	0	0
ENSG00000096070:BRPF3	216	261	252	374	312	305	294	264	286
ENSG00000144061:NPHP1	140	143	157	136	76	80	41	69	76
ENSG00000196653:ZNF502	0	0	0	1	1	0	0	0	0
ENSG00000163069:SGCB	428	479	473	534	375	432	206	199	199
ENSG00000196116:TDRD7	4	11	15	7	5	13	8	4	3
ENSG00000043355:ZIC2	15	17	24	18	11	10	5	8	13
ENSG00000172244:C5orf34	471	507	479	738	517	587	437	394	502
ENSG00000158042:MRPL17	897	982	934	1392	949	1018	870	1009	907
ENSG00000023041:ZDHHC6	334	299	343	448	300	347	240	272	239
ENSG00000147274:RBMX	934	908	908	1151	769	801	658	585	629
ENSG00000176222:ZNF404	0	0	0	0	0	0	0	1	0
ENSG00000163993:S100P	0	1	0	2	0	0	0	1	2
ENSG00000118363:SPCS2	25	38	20	25	15	13	76	91	99
ENSG00000234602:MCIDAS	19415	21786	18806	32676	24174	23725	16291	15566	18714
ENSG00000089847:ANKRD24	19262	19446	18733	25546	18420	17963	12363	10978	10833
ENSG00000147883:CDKN2B	1	0	1	1	1	0	0	1	0
ENSG00000022267:FHL1	899	886	967	1175	745	849	720	688	658
ENSG00000204544:MUC21	280	340	308	421	285	341	248	311	354
ENSG00000106991:ENG	1407	1560	1427	2104	1551	1581	1974	2098	2391
ENSG00000010256:UQCRC1	1225	1348	1335	1956	1428	1455	1404	1318	1466
ENSG00000186564:FOXD2	246	276	233	507	371	325	138	130	152
ENSG00000163141:BNIPL	1005	1155	1085	1264	950	929	996	1200	1141
ENSG00000178449:COX14	1691	1802	1810	2333	1794	1780	1902	2078	2123
ENSG00000138375:SMARCAL1	7286	8389	7568	12133	8431	8375	10752	11563	12266
ENSG00000065989:PDE4A	1	2	7	6	0	1	0	0	0
ENSG00000106366:SERPINE1	0	0	0	0	0	0	0	0	0
ENSG00000257218:GATC	21	27	26	32	38	25	53	71	65
ENSG00000134200:TSHB	0	4	2	1	7	0	0	0	0
ENSG00000176597:B3GNT5	2865	3285	3107	3901	2684	2969	2404	2672	3313
ENSG00000183632:TP53TG3	63	82	70	101	49	53	24	18	15
ENSG00000112280:COL9A1	918	1018	1021	1256	891	977	1881	2146	2289
ENSG00000172059:KLF11	51	65	51	50	31	34	171	201	168
ENSG00000204174:NPY4R	8	1	0	1	1	0	0	0	2
ENSG00000164849:GPR146	125	87	122	116	73	82	98	79	96
ENSG00000174099:MSRB3	2691	3000	2678	4263	3039	3189	1606	1728	1854
ENSG00000119403:PHF19	160	196	182	229	212	198	139	159	191
ENSG00000107201:DDX58	22	23	19	26	33	21	23	18	23
ENSG00000159915:ZNF233	655	671	656	928	676	628	977	986	786
ENSG00000274049:INO80B-WBP1	46	75	38	56	53	51	98	87	101
ENSG00000173545:ZNF622	1263	1352	1243	1775	1158	1224	1283	1479	1523
ENSG00000184937:WT1	3599	3618	3737	4583	3103	3287	2752	3347	3577
ENSG00000050030:NEXMIF	1	3	8	0	3	6	3	5	3
ENSG00000197140:ADAM32	58	61	62	57	46	38	27	9	17
ENSG00000123096:SSPN	2	2	1	0	1	0	0	0	0
ENSG00000160326:SLC2A6	1609	1798	1486	2715	1984	1949	1321	1092	1188
ENSG00000060709:RIMBP2	234	256	202	334	243	235	214	229	273
ENSG00000173918:C1QTNF1	377	397	383	376	257	308	117	121	117
ENSG00000121075:TBX4	44	51	47	54	12	23	21	32	33
ENSG00000147099:HDAC8	136	145	101	131	74	89	87	71	52
ENSG00000169857:AVEN	357	339	369	601	392	400	335	350	346
ENSG00000254469:AP002495.1	0	0	0	0	0	0	0	0	0
ENSG00000100603:SNW1	1072	1234	1109	1583	1027	1186	964	1067	1195
ENSG00000170917:NUDT6	0	4	3	3	5	3	10	4	3
ENSG00000092200:RPGRIP1	572	583	621	759	605	605	548	549	648
ENSG00000125827:TMX4	2	1	0	0	0	1	0	4	0
ENSG00000284704:SCYGR3	30843	33787	32243	45401	33033	34655	24848	23598	25058
ENSG00000140025:EFCAB11	136	151	170	123	109	97	108	89	116
ENSG00000170923:OR7G2	437	439	422	765	471	494	526	456	408
ENSG00000121964:GTDC1	1312	1506	1416	2465	1747	1783	1886	1677	1799
ENSG00000117560:FASLG	23	40	40	55	39	37	89	84	125
ENSG00000128052:KDR	10	10	11	29	27	14	3	2	2
ENSG00000127483:HP1BP3	718	707	740	921	621	668	61	86	122
ENSG00000254004:ZNF260	5487	5634	5485	7949	5876	5676	5050	4495	4573
ENSG00000167004:PDIA3	186	203	223	304	206	218	116	167	143
ENSG00000011083:SLC6A7	187	205	172	187	119	155	183	240	263
ENSG00000141979:AC008764.1	4115	4072	3946	5197	3509	3816	2533	2565	2671
ENSG00000059378:PARP12	59	57	54	108	52	42	18	33	28
ENSG00000149503:INCENP	108	106	112	152	116	94	67	73	78
ENSG00000133246:PRAM1	374	456	309	509	426	404	582	568	544
ENSG00000140284:SLC27A2	0	0	0	0	0	0	0	0	0
ENSG00000165617:DACT1	425	449	466	776	569	520	360	324	378
ENSG00000106565:TMEM176B	0	0	0	0	0	0	0	0	0
ENSG00000198918:RPL39	1026	1080	1039	1501	996	1059	361	380	391
ENSG00000183035:CYLC1	474	493	445	692	462	455	563	602	661
ENSG00000204869:IGFL4	82	60	68	72	64	64	50	38	40
ENSG00000131732:ZCCHC9	6989	7825	7065	11149	8117	8283	8188	7701	7781
ENSG00000000457:SCYL3	10956	11944	11051	16687	11967	12940	9510	10307	11641
ENSG00000140675:SLC5A2	976	1164	983	1620	1153	1152	901	785	847
ENSG00000138400:MDH1B	66	83	48	91	91	68	96	78	88
ENSG00000181788:SIAH2	0	0	0	0	0	0	0	0	0
ENSG00000204131:NHSL2	0	0	0	0	0	0	0	0	0
ENSG00000259288:BUB1B-PAK6	0	0	0	0	0	0	0	0	0
ENSG00000103599:IQCH	772	752	828	1330	875	923	393	370	374
ENSG00000154611:PSMA8	87	73	81	100	77	72	63	87	89
